2 2 2 7 2 7 5 2 5 2 5 2 2 5 2 2 5 2 2 7 2 5 3 2 2 7 5 3 2 2 5 3 2 2 3 5 2 2 2 2 3 5 2 2 2 3 7 5 2 1 2 2 3 1 2 5 2 2 3 1 2 2 5 3 2 2 2 1 5 1 1 3 2 2 2 1 5 3 1 2 9 2 1 2 5 3 1 2 9 2 1 2 1 5 9 3 2 1 2 1 2 5 9 3 1 2 2 1 2 1 3 9 5 1 9 2 1 1 2 3 1 1 9 2 1 7 3 2 1 1 9 2 1 7 2 3 1 9 1 1 7 2 2 1 3 9 1 1 1 7 2 2 9 W 1 1 3 1 7 2 1 9 7 1 1 3 1 9 1 2 7 1 1 1 5 1 9 2 7 H 1 1 1 5 1 7 9 1 2 1 1 5 1 7 9 1 1 2 1 5 E 1 9 7 1 1 1 5 2 7 9 1 1 5 1 1 1 7 E 5 9 1 1 1 1 1 7 3 1 9 1 5 1 1 3 1 7 5 9 1 L 1 3 7 5 1 1 1 1 9 3 1 7 C 1 5 1 1 9 1 3 7 5 1 1 1 3 1 9 5 1 7 H 1 1 3 1 1 5 9 7 1 1 1 1 3 1 7 1 5 1 3 1 1 A 1 5 1 3 1 7 1 1 5 1 1 1 1 1 3 7 5 1 1 1 3 1 1 I 7 1 R 3 5 1 1 1 1 1 7 9 1 5 3 1 1 1 1 1 9 7 5 3 1 1 1 9 1 1 S 3 5 7 1 1 1 9 1 3 5 7 1 1 1 1 9 3 E 5 1 9 1 1 1 1 3 1 9 5 1 3 1 1 7 A 9 1 1 5 3 9 1 7 1 1 1 5 1 9 3 7 1 T 1 1 5 9 3 7 1 1 1 9 3 7 I 1 9 1 7 1 3 1 N 9 7 1 1 3 1 5 1 9 7 1 3 1 G 5 9 7 1 1 1 7 5 9 3 1 1 9 5 7 3 1 7 9 1 5 1 5 7 9 1 1 5 7 9 1 3 5 1 7 9 1 5 3 7 1 9 5 3 7 1 9 5 3 7 9 5 3 7 5 9 3 7 5 3 9 7 1 5 3 9 7 5 1 3 9 7 5 3 1 7 5 3 1 7 5 3 1 7 3 1 5 7 1 3 5 E 7 1 5 3 D 7 3 1 5 C 1 3 7 5 E B D 3 5 1 A 1 3 5 C 1 Z 3 5 B 1 3 Y A 5 1 3 X 5 W 1 3 5 V 1 3 1 3 U 3 1 T S 1 3 1 R L 3 Q 1 3 P 1 3 O E 1 1 N M 1 F 1 L K 1 1 J T 1 H G F E D C B A D A B W E C D Q V S Y R A O N K D X C Z P E H U T B E B M J F C A L G 1 1 1 1 1 1 1 1 1 1 1 1 1 1 1 1 1 1 1 1 1 1 1 1 1 1 1 1 1 1 0 0 0 0 0 0 0 0 0 0 0 0 0 0 0 0 0 0 0 0 0 0 0 0 0 0 0 0 0 0 1 1 1 1 1 1 1 1 1 1 1 1 1 1 1 1 1 1 1 1 1 1 1 1 1 1 1 1 1 1 1 1 1 1 1 1 1 1 1 1 1 1 1 1 1 1 1 1 1 1 1 1 1 1 1 1 1 1 1 1 0 0 0 0 0 0 0 0 0 0 0 0 0 0 0 0 0 0 0 0 0 0 0 0 0 0 0 0 0 0 2 2 2 2 2 2 2 2 2 2 2 2 2 2 2 2 2 2 2 2 2 2 2 2 2 2 2 2 2 2 1 1 1 1 1 1 1 1 1 1 1 1 1 1 1 1 1 1 1 1 1 1 1 1 1 1 1 1 1 1 0 0 0 0 0 0 0 0 0 0 0 0 0 0 0 0 0 0 0 0 0 0 0 0 0 0 0 0 0 0 3 3 3 3 3 3 3 3 3 3 3 3 3 3 3 3 3 3 3 3 3 3 3 3 3 3 3 3 3 3 1 1 1 1 1 1 1 1 1 1 1 1 1 1 1 1 1 1 1 1 1 1 1 1 1 1 1 1 1 1 0 0 0 0 0 0 0 0 0 0 0 0 0 0 0 0 0 0 0 0 0 0 0 0 0 0 0 0 0 0 4 4 4 4 4 4 4 4 4 4 4 4 4 4 4 4 4 4 4 4 4 4 4 4 4 4 4 4 4 4 1 1 1 1 1 1 1 1 1 1 1 1 1 1 1 1 1 1 1 1 1 1 1 1 1 1 1 1 1 1 0 0 0 0 0 0 0 0 0 0 0 0 0 0 0 0 0 0 0 0 0 0 0 0 0 0 0 0 0 0 5 5 5 5 5 5 5 5 5 5 5 5 5 5 5 5 5 5 5 5 5 5 5 5 5 5 5 5 5 5 1 1 1 1 1 1 1 1 1 1 1 1 1 1 1 1 1 1 1 1 1 1 1 1 1 1 1 1 1 1 0 0 0 0 0 0 0 0 0 0 0 0 0 0 0 0 0 0 0 0 0 0 0 0 0 0 0 0 0 0 6 6 6 6 6 6 6 6 6 6 6 6 6 6 6 6 6 6 6 6 6 6 6 6 6 6 6 6 6 6 1 1 1 1 1 1 1 1 1 1 1 1 1 C 1 1 1 1 1 1 1 1 1 1 1 1 1 1 1 1 1 0 0 0 0 0 0 0 0 0 0 0 0 0 0 0 0 0 0 0 0 0 0 0 0 0 0 0 0 0 0 E 7 7 7 7 7 7 7 7 7 7 7 7 7 7 7 7 7 7 7 7 7 7 7 7 7 7 7 7 7 7 N 1 1 1 1 1 1 1 1 1 1 1 1 1 1 1 1 1 1 1 1 1 1 1 1 1 1 1 1 1 1 T 0 0 0 0 0 0 0 0 0 0 0 0 0 0 0 0 0 0 0 0 0 0 0 0 0 0 0 0 0 0 8 8 8 8 8 8 8 8 E 8 8 8 8 8 8 8 8 8 8 8 8 8 8 8 8 8 8 8 8 8 8 R 1 1 1 1 1 1 1 1 1 1 1 1 1 1 1 1 1 1 1 1 1 1 1 1 1 1 1 1 1 1 0 0 0 0 0 0 0 0 0 0 0 0 0 0 0 0 0 0 0 0 0 0 0 0 0 0 0 0 0 0 9 9 9 9 9 9 9 9 9 9 9 9 9 9 9 9 9 9 9 9 9 9 9 9 9 9 9 9 9 9 1 1 1 1 1 1 1 1 1 1 1 1 1 1 1 1 1 1 1 1 1 1 1 1 1 1 1 1 1 1 1 1 1 1 1 1 1 1 1 1 1 1 1 1 1 1 1 1 1 1 1 1 1 1 1 1 1 1 1 1 0 0 0 0 0 0 0 0 0 0 0 0 0 0 0 0 0 0 0 0 0 0 0 0 0 0 0 0 0 0 1 1 1 1 1 1 1 1 1 1 1 1 1 1 1 1 1 1 1 1 1 1 1 1 1 1 1 1 1 1 1 1 1 1 1 1 1 1 1 1 1 1 1 1 1 1 1 1 1 1 1 1 1 1 1 1 1 1 1 1 1 1 1 1 1 1 1 1 1 1 1 1 1 1 1 1 1 1 1 1 1 1 1 1 1 1 1 1 1 1 1 1 1 1 1 1 1 1 1 1 1 1 1 1 1 1 1 1 1 1 1 1 1 1 1 1 1 1 1 1 1 1 1 1 1 1 1 1 1 1 1 1 1 1 1 1 1 1 1 1 1 1 1 1 1 1 1 1 1 1 2 2 2 2 2 2 2 2 2 2 2 2 2 2 2 2 2 2 2 2 2 2 2 2 2 2 2 2 2 2 1 1 1 1 1 1 1 1 1 1 1 1 1 1 1 1 1 1 1 1 1 1 1 1 1 1 1 1 1 1 1 1 1 1 1 1 1 1 1 1 1 1 1 1 1 1 1 1 1 1 1 1 1 1 1 1 1 1 1 1 3 3 3 3 3 3 3 3 3 3 3 3 3 3 3 3 3 3 3 3 3 3 3 3 3 3 3 3 3 3 1 1 1 1 1 1 1 1 1 1 1 1 1 1 1 1 1 1 1 1 1 1 1 1 1 1 1 1 1 1 1 1 1 1 1 1 1 1 1 1 1 1 1 1 1 1 1 1 1 1 1 1 1 1 1 1 1 1 1 1 4 4 4 4 4 4 4 4 4 4 4 4 4 4 4 4 4 4 4 4 4 4 4 4 4 4 4 4 4 4 A B C D E F G 2 H R 2 J 2 K 2 I L 2 M G 2 N 2 O 2 4 4 2 P H 4 Q 2 R 4 2 2 4 S T T 4 2 4 U 2 6 V 4 W 6 2 4 2 6 X 4 2 A Y 6 4 6 B 2 4 Z 2 6 C 4 A 2 6 D 8 4 B 2 6 8 4 C 2 E 6 8 4 D 2 6 8 4 2 6 E 8 2 4 6 4 8 2 6 1 8 2 4 1 6 4 2 8 0 1 6 4 2 8 0 8 1 6 4 2 0 6 4 1 8 0 4 1 8 6 6 0 1 4 8 1 1 4 0 6 8 1 2 1 4 0 6 1 2 8 6 4 1 0 1 8 2 4 6 0 1 1 8 6 2 0 1 1 8 1 2 6 0 8 1 1 6 1 2 0 4 8 1 6 1 1 2 0 8 1 4 1 6 1 2 1 0 8 1 4 6 2 8 1 1 0 1 6 4 0 8 2 1 1 1 4 2 8 1 0 1 1 1 4 0 8 W 2 1 1 1 1 8 0 4 6 2 1 1 1 1 0 8 4 1 6 1 2 1 8 1 1 0 4 2 1 H 6 1 0 1 8 4 1 2 1 1 6 0 4 1 1 1 1 6 2 1 E 1 0 4 2 1 1 1 8 1 0 6 1 4 1 2 1 1 0 1 8 E 1 6 1 2 4 1 1 0 1 1 6 1 1 8 2 4 0 1 1 L 2 6 4 1 8 1 1 0 6 2 1 1 8 4 1 1 2 1 C 4 6 1 1 8 1 2 1 1 4 6 1 2 1 8 1 4 1 2 1 H 6 1 2 8 1 1 4 1 6 2 2 8 0 1 4 1 1 6 1 8 2 A 2 4 0 1 1 6 1 8 4 1 2 6 0 1 1 2 4 8 1 I 6 R 1 0 1 4 2 1 8 1 6 0 1 4 2 1 6 2 8 1 0 4 1 6 2 8 1 1 S 2 0 4 2 6 2 1 8 1 2 0 2 8 6 1 2 E 2 1 0 6 1 8 2 1 2 2 6 1 0 2 8 2 1 2 A 6 1 8 0 2 1 2 2 6 0 2 8 2 2 1 T 6 2 8 2 2 0 1 4 2 0 8 2 1 2 I 2 2 4 8 2 2 1 0 N 4 2 8 2 1 2 2 0 2 4 2 8 1 0 2 G 2 2 4 2 8 2 0 2 2 2 8 4 2 0 2 2 2 2 2 6 4 0 2 2 2 2 2 6 0 2 2 4 2 2 0 2 2 6 4 2 2 2 0 2 2 6 4 2 0 2 2 2 2 6 4 0 2 2 2 2 4 6 2 2 2 2 4 2 2 6 2 2 2 2 4 6 2 2 8 4 2 2 6 2 2 2 4 2 6 4 2 2 6 4 2 2 2 6 4 2 2 2 4 8 6 2 6 8 4 2 6 2 6 2 6 2 2 6 2 8 6 8
FF FF
FF101102103104105106107108109110 111112 113114
GG101102103104105106107108109110111112113
2 2
1 1
4 4
3 3
6 6
5 GRAND GRAND 5
8 7 STAGE BOX STAGE BOX 7 8
LEFT RIGHT
10 10
9 9
7 8
5 6
A A
3 4
7 1 2 8
5 6
B B
3 4
1 2
3 4
1 2
C C
3 1 D D 2 4
7 8
5 3 1 E E 2 4 6
5 3 1 F F 2 4 6
3 1 G G 2 4
3 1 H H 2 4
7 7 5 5 3 3 1 1 K J J K 2 2 4 4 6 6 8 8
5 3 1 L L 2 4 6
5 3 1 M M 2 4 6
5 3 1 N N 2 4 6
15 1 11 7 1 1 7 3 1 9 5 1 1 5 1 1 7 1 3 1 3 9 3 1 5 1 1 1 1 7 1 3 9 9 9 5 1 7 7 7 3 O 5 5 1 5 3 3 3 P 1 1 1 Q S R 112255 1 1 2 2 3 3 1 1 2 2 1 1 1 1 1 1 9 9 1 1 1 1 7 7 1 1 1 1 5 5 1 1 1 1 3 3 1 1 1 1 1 1 1 1 0 0 9 9 1 1 0 0 7 7 1 1 0 0 5 5 1 1 0 0 3 3 1 1 0 0 1 1 Q R 1 1 0 0 2 2 1 1 0 0 4 4 1 1 0 0 6 6 1 1 0 0 8 8 1 1 1 1 0 0 1 1 1 1 2 2 1 1 1 1 4 4 1 1 1 1 6 6 1 1 1 1 8 8 1 1 2 2 0 0 1 1 2 2 2 2 1 1 2 2 4 4 126 R S Q 2 2 2 4 P 4 4 2 6 6 6 O 4 8 8 8 2 1 6 1 0 1 0 4 0 1 8 1 2 1 2 6 2 1 1 0 1 4 1 4 8 4 1 1 2 6 1 1 6 0 1 1 4 8 1 1 2 8 16
7 5 3 1 T 125123121119117115113111109107105103101 S 102104106108110112114116118120122124126 T 2 4 6 8
123121119117115113111109107105103101
T
102104106108110112114116118120122124
9
7
5
LEFT RIGHT
6
8
10
5 3 1 3 1 AA AA 2 4 2 4 6
9 9 9 9 9 9 9 9 7 7 7 7 7 7 7 7 7 7 7 7 7 5 5 5 5 5 5 5 7 5 5 5 5 5 5 L 3 5 3 3 3 3 E 5 L 5 3 3 3 E F 3 3 3 3 1 3 3 F 3 T 1 3 1 1 3 3 1 3 1 T 1 1 1 1 1 1 1 1 1 1 1 1 1 D C V B U T S E D C R B K Q J E O H G P N F M L 1 1 1 1 1 1 2 2 1 2 2 2 1 2 7 2 1 7 7 7 7 2 1 7 2 7 1 1 2 1 1 7 1 1 1 1 1 7 1 1 1 2 1 1 2 2 2 1 1 1 2 7 2 2 2 1 1 2 2 2 2 1 2 7 1 2 2 1 2 2 7 7 7 2 2 7 7 7 7 7 1 7 7 7 1 2 2 5 5 2 1 7 5 5 7 5 1 2 2 7 5 1 2 5 1 2 1 1 1 5 1 1 1 5 1 1 1 2 1 1 2 1 2 2 5 1 2 2 1 2 1 1 1 2 2 2 2 1 2 5 1 1 2 5 2 5 5 2 5 1 2 2 2 5 5 5 5 5 2 5 1 1 5 2 2 3 5 2 5 3 3 3 1 1 2 2 3 5 3 1 3 1 1 1 2 1 1 1 1 1 3 3 1 1 1 2 1 2 2 1 2 2 2 3 2 1 1 2 9 1 1 2 1 2 2 1 2 3 1 2 1 3 3 3 2 2 3 2 3 3 2 3 1 2 3 3 2 3 1 3 2 2 3 1 1 1 3 2 1 1 1 1 1 2 3 2 1 1 1 1 1 2 1 1 1 1 1 1 1 1 1 1 1 1 2 2 2 1 7 2 1 2 2 2 1 2 1 1 2 2 1 1 2 1 2 1 1 2 1 1 1 1 1 2 1 1 1 1 1 1 1 1 1 1 1 1 1 1 2 1 1 1 9 1 1 1 1 9 9 9 1 9 1 1 1 1 9 1 1 1 1 9 1 1 1 1 9 1 1 1 1 1 9 1 1 1 1 9 5 1 1 1 1 1 1 1 1 1 1 1 1 1 9 1 9 1 1 9 9 1 9 1 9 9 9 1 1 1 1 9 9 9 1 1 1 1 9 9 1 1 9 1 1 1 7 7 7 1 7 7 9 1 1 1 7 1 1 1 1 1 7 1 1 1 7 1 1 1 1 7 1 1 1 1 1 1 7 3 1 1 1 L L 1 1 1 1 1 1 1 1 1 1 7 7 1 7 1 7 7 1 7 7 7 1 1 1 1 1 1 1 7 7 7 7 E 1 E 1 7 1 1 1 5 5 7 1 5 1 5 5 1 7 1 L 1 1 1 5 1 1 1 1 1 5 F F 1 1 1 1 5 1 1 1 1 5 1 1 1 1 1 1 1 5 E 1 1 1 1 1 1 1 1 1 1 T 5 5 T 5 1 1 5 1 5 5 5 1 5 1 1 1 1 1 5 5 1 5 5 1 1 1 F 1 1 5 1 1 1 3 5 3 3 1 3 3 5 1 1 C C 3 1 1 1 1 1 1 0 1 1 3 T 3 1 1 1 1 3 1 1 1 1 1 1 1 1 3 1 9 1 1 1 E E 1 1 1 3 1 1 1 1 3 1 3 3 1 3 3 3 3 1 C 1 3 3 1 1 1 1 3 1 3 1 1 1 3 N 1 N 1 3 1 1 1 3 1 1 1 1 1 E 1 1 1 1 1 1 1 0 1 1 1 1 1 1 T T 1 1 1 1 1 1 1 1 1 1 1 1 1 1 1 1 1 N 1 7 1 1 1 1 1 1 1 1 1 1 1 E 1 E 1 1 0 0 1 1 1 0 1 1 1 0 1 1 0 1 1 1 1 1 0 T 1 1 1 0 1 9 9 1 9 R 1 0 R 9 1 0 9 1 1 1 1 9 1 1 1 0 0 9 E 0 1 1 1 0 9 1 0 0 9 0 1 0 0 0 1 1 1 9 5 1 0 0 1 0 9 1 9 1 0 9 R 1 0 9 9 0 1 0 0 9 9 9 0 0 0 9 9 1 9 1 0 0 9 1 9 1 0 7 7 7 1 9 7 1 0 7 1 0 1 7 9 1 1 1 1 0 0 7 0 1 1 1 0 0 0 7 1 7 0 0 0 0 1 1 1 1 3 1 7 1 0 0 0 7 1 7 1 0 7 1 7 0 1 7 0 0 0 7 7 7 0 0 1 1 7 0 7 7 0 0 1 7 0 7 1 5 5 1 5 0 5 1 7 0 1 1 5 5 1 1 1 1 0 7 1 0 5 0 1 1 0 0 5 0 5 1 0 0 0 0 1 5 0 1 1 1 0 0 1 1 1 5 1 5 5 1 0 5 1 0 1 5 5 5 5 0 0 0 0 5 0 5 0 5 1 1 0 0 5 0 5 1 1 3 3 3 1 3 5 0 0 1 3 1 1 1 1 3 5 1 1 0 3 0 1 1 0 0 0 3 3 0 0 0 1 0 1 0 0 0 1 1 3 1 3 1 1 3 1 3 0 1 3 3 3 3 0 1 3 3 1 0 0 0 3 3 0 0 1 0 1 0 3 0 1 3 0 1 1 3 1 0 1 1 1 0 1 1 1 1 1 1 1 1 0 3 1 0 1 1 1 0 1 0 0 0 1 0 1 0 0 0 1 1 0 0 1 1 1 1 1 1 1 0 1 1 1 0 1 1 1 0 0 1 1 1 1 W V U D T S Q O R A P G N B E M C F D C B J H K A L D C B A 1 1 1 1 1 1 1 1 1 1 1 1 1 1 1 1 1 1 1 1 1 1 1 1 1 0 0 0 0 0 0 0 0 0 0 0 0 0 0 0 0 0 0 0 0 0 0 0 0 0 1 1 1 1 1 1 1 1 1 1 1 1 1 1 1 1 1 1 1 1 1 1 1 1 1 1 1 1 1 1 1 1 1 1 1 1 1 1 1 1 1 1 1 1 1 1 1 1 1 1 0 0 0 0 0 0 0 0 0 0 0 0 0 0 0 0 0 0 0 0 0 0 0 0 0 2 2 2 2 2 2 2 2 2 2 2 2 2 2 2 2 2 2 2 2 2 2 2 2 2 1 1 1 1 1 1 1 1 1 1 1 1 1 1 1 1 1 1 1 1 1 1 1 1 1 0 0 0 0 0 0 0 0 0 0 0 0 0 0 0 0 0 0 0 0 0 0 0 0 0 3 3 3 3 3 3 3 3 3 3 3 3 3 3 3 3 3 3 3 3 3 3 3 3 3 1 1 1 1 1 1 1 1 1 1 1 1 1 1 1 1 1 1 1 1 1 1 1 1 1 0 0 0 0 0 0 0 0 0 0 0 0 0 0 0 0 0 0 0 0 0 0 0 0 0 4 4 4 4 4 4 4 4 4 4 4 4 4 4 4 4 4 4 4 4 4 4 4 4 4 1 1 1 1 1 1 1 1 1 1 1 1 1 1 1 1 1 1 1 1 1 1 1 1 1 0 0 0 0 0 0 0 0 0 0 0 0 0 0 0 0 0 0 0 0 0 0 0 0 0 5 5 5 5 5 5 5 5 5 5 5 5 5 5 5 5 5 5 5 5 5 5 5 5 5 1 1 1 1 1 1 1 1 1 1 1 1 1 1 1 1 1 1 1 1 1 1 1 1 1 0 0 0 0 0 0 0 0 0 0 0 0 C 0 0 0 0 0 0 0 0 0 0 0 0 0 C 6 6 6 6 6 6 6 6 6 6 6 6 6 6 6 6 6 6 6 6 6 C 6 6 E 6 6 E 1 1 1 1 1 1 1 1 1 1 1 1 1 1 1 1 1 1 1 1 E 1 N 1 1 1 1 0 0 0 0 0 0 0 0 0 0 0 0 0 0 0 0 0 0 0 0 N 0 0 0 0 N 0 T 7 7 7 7 7 7 7 7 7 7 7 7 7 7 7 7 7 7 7 7 7 7 7 T 7 7 T E 1 1 1 1 1 1 1 1 1 1 1 1 1 1 1 1 1 1 1 1 E 1 1 1 1 0 0 E 0 0 0 0 0 0 0 0 0 0 0 0 R 1 0 0 0 0 0 0 0 0 0 0 R 8 8 0 8 8 8 8 8 8 8 8 8 8 8 8 8 8 8 8 8 8 R 8 8 8 8 8 1 1 1 1 1 1 1 1 1 1 1 1 1 1 1 1 1 1 1 1 1 1 0 0 0 0 0 1 1 0 0 0 0 0 0 0 0 0 0 0 0 0 0 0 1 0 0 0 0 9 9 9 9 9 9 9 9 9 9 9 9 9 9 9 9 9 0 9 9 9 9 9 9 9 9 1 1 1 1 1 1 1 1 1 1 1 1 1 1 1 1 1 1 1 1 1 1 1 1 1 1 1 1 1 1 1 1 1 1 1 1 1 1 1 1 1 1 1 1 1 1 0 0 0 0 0 0 0 0 0 0 0 0 1 1 1 0 0 0 0 0 0 0 0 1 0 0 0 0 0 1 1 1 1 1 1 1 1 1 1 1 1 1 1 1 1 1 1 1 1 1 1 1 1 1 1 1 1 1 1 1 1 1 1 1 1 1 1 1 1 1 1 1 1 1 1 1 1 1 1 1 1 1 1 1 1 1 1 1 1 1 1 1 1 1 1 1 1 1 1 1 1 1 1 1 1 1 1 1 1 1 1 1 1 1 1 1 1 1 1 1 1 1 1 1 1 1 1 1 1 1 1 1 1 1 1 1 1 1 1 1 1 1 1 1 1 1 1 1 1 1 2 2 2 2 2 2 2 2 2 2 2 2 2 2 2 2 2 2 2 2 1 1 2 1 1 2 2 2 2 1 1 1 1 1 1 1 1 1 1 1 1 1 1 1 1 1 1 1 1 1 1 1 1 1 1 1 1 1 1 1 1 1 1 1 1 1 1 1 1 1 1 1 1 1 3 3 3 3 3 3 3 3 3 3 3 3 3 3 1 3 3 3 3 3 3 3 1 1 1 1 3 3 3 3 A C B D F G J A H K E D A Q O V T U C M N R S L W C B B D P 1 1 1 1 0 0 0 0 2 1 1 1 1 1 1 1 2 1 1 2 1 2 1 0 0 0 1 1 0 1 0 0 0 0 0 1 0 0 1 1 2 0 0 2 2 1 0 2 1 2 1 2 2 1 1 0 2 1 1 2 1 0 2 2 0 0 2 2 0 0 2 0 0 0 0 0 2 1 4 1 1 2 1 1 4 1 1 1 1 2 4 2 2 4 1 1 2 2 1 0 0 0 1 0 1 0 0 0 0 0 0 1 0 1 0 1 4 4 0 4 1 1 0 4 4 4 4 1 4 1 1 1 4 1 0 1 0 4 4 4 0 0 0 4 4 0 0 0 0 0 0 1 4 6 1 1 1 4 1 1 1 6 1 4 1 6 1 1 1 4 4 4 0 4 1 6 0 0 0 1 0 0 1 0 0 0 0 0 0 1 1 0 1 6 6 1 6 0 6 1 0 6 1 6 6 1 6 1 6 1 1 1 0 6 0 6 2 0 6 0 0 6 0 0 0 6 0 1 0 0 1 1 8 6 1 6 1 1 8 1 1 1 6 1 1 8 6 8 0 1 1 6 0 0 6 6 0 1 0 0 1 0 0 0 0 1 0 0 0 1 8 1 8 8 0 8 1 1 0 8 8 1 8 1 8 1 1 8 0 1 8 1 1 8 4 8 0 1 0 8 1 0 8 1 0 0 0 1 0 8 1 1 0 1 8 1 1 1 0 1 1 8 0 1 8 1 1 8 8 1 1 1 1 8 1 1 1 R 1 1 1 1 1 1 0 1 1 1 0 0 1 0 1 0 0 1 1 0 0 0 1 0 1 0 1 1 1 1 0 I 0 1 1 1 1 1 6 G 0 0 1 1 1 1 1 1 1 0 1 2 1 1 R 0 1 2 1 1 1 0 1 1 1 2 0 0 1 2 0 0 1 1 1 1 1 1 H R 1 1 1 1 1 1 1 I 1 1 1 1 1 2 2 G 0 2 1 1 1 2 2 2 T 2 2 1 2 1 1 2 1 I 1 2 2 1 1 1 1 1 1 1 8 2 G 1 1 2 1 1 1 2 1 H 1 4 1 1 1 1 C 2 1 4 2 1 1 1 1 1 2 1 2 2 1 4 1 1 1 1 2 4 H 1 T 1 1 1 1 1 1 1 1 E 1 1 1 1 4 4 4 1 1 4 1 1 1 T 4 4 4 4 4 4 1 1 4 1 1 4 1 N 1 1 C 0 1 1 1 1 4 4 1 1 1 1 1 1 4 1 1 1 C 6 1 1 4 E 1 6 4 1 T 1 1 1 1 6 1 4 1 1 4 4 6 4 1 1 1 1 1 1 1 1 1 1 1 E 1 1 6 1 E N 1 1 6 6 1 1 1 6 1 6 6 6 6 6 6 1 6 1 1 1 1 6 1 N 1 1 1 2 1 1 1 R T 6 1 6 1 1 1 1 1 6 1 1 1 1 6 8 1 1 1 1 1 1 1 E T 6 8 1 6 6 8 1 1 6 8 1 1 1 6 1 1 1 1 1 1 1 1 1 E 1 1 8 1 1 R 1 8 8 1 8 1 8 8 8 8 1 8 1 8 8 1 1 1 8 1 4 1 1 R 1 1 2 1 1 8 1 8 2 1 1 1 8 1 2 1 1 1 2 1 1 1 8 1 0 1 1 1 1 8 2 8 0 1 8 8 2 2 8 0 1 2 2 2 2 1 0 2 2 2 2 1 0 2 1 1 0 0 1 2 1 0 0 0 0 0 2 1 0 0 1 0 2 1 1 1 6 1 1 0 2 1 2 0 1 2 2 0 1 2 2 2 1 2 2 0 1 2 1 1 1 1 2 1 1 1 0 2 1 0 2 2 2 0 0 2 2 0 0 1 2 2 2 2 1 2 2 2 2 1 2 2 1 2 1 1 2 2 2 1 2 2 2 2 2 2 2 1 2 1 1 2 1 2 1 1 1 2 8 1 2 2 1 2 2 2 2 1 2 2 1 2 2 2 1 4 2 1 1 1 1 1 1 1 2 2 2 2 1 4 2 2 4 2 2 1 2 2 2 2 2 1 4 2 2 2 2 1 4 2 1 4 1 4 2 4 2 1 4 4 4 4 4 2 4 4 1 1 2 1 1 1 4 1 1 2 1 2 0 4 1 2 2 4 1 2 2 2 1 2 2 4 2 1 1 1 1 1 6 1 1 1 4 2 1 4 6 2 2 4 1 4 6 2 2 2 2 2 4 4 6 2 2 2 1 1 6 2 1 1 6 2 6 1 6 6 6 6 2 6 6 2 6 6 1 1 1 2 6 1 1 2 1 1 1 2 2 1 6 2 2 6 1 2 1 2 2 2 1 1 1 8 2 6 2 1 1 1 1 1 6 2 1 8 2 6 2 6 2 2 2 8 6 6 6 2 2 2 8 2 2 1 1 8 2 8 1 8 8 8 8 1 8 8 8 2 8 8 2 1 8 1 1 2 1 1 2 8 2 8 2 2 2 8 2 8 8 8 8 8 8 M L F N J O G H E W K P Q B D C R E U T S B V D C 2 2 2 2 2 2 2 2 2 2 2 2 2 2 R 4 2 2 4 4 2 2 4 4 4 2 4 I R 4 G 4 4 4 4 I 4 4 G H 4 6 6 4 4 4 4 6 T 6 6 H 6 6 6 6 T 6 6 8 6 6 6 6 6 8 8 8 8 8 8 8 8 8 1 1 8 8 8 1 8 1 1 0 0 1 0 0 1 0 1 0 1 0 0 1 1 1 1 0 0 0 0